function, code1, hexcode1, code2, hexcode2

"BASS DOWN","sendir,1:1,1,38000,1,69,341,171,22,21,22,21,22,21,21,21,22,21,22,21,21,21,22,21,22,63,22,63,22,63,22,63,22,63,22,63,22,63,22,63,22,21,21,64,21,21,22,63,22,21,22,63,22,63,22,21,21,64,21,22,21,64,21,21,22,63,22,21,22,21,21,64,21,1529,341,85,22,1529","0000 006D 0022 0002 0155 00AB 0016 0015 0016 0015 0016 0015 0015 0015 0016 0015 0016 0015 0015 0015 0016 0015 0016 003F 0016 003F 0016 003F 0016 003F 0016 003F 0016 003F 0016 003F 0016 003F 0016 0015 0015 0040 0015 0015 0016 003F 0016 0015 0016 003F 0016 003F 0016 0015 0015 0040 0015 0016 0015 0040 0015 0015 0016 003F 0016 0015 0016 0015 0015 0040 0015 05F9 0155 0055 0016 05F9",,

"BASS UP","sendir,1:1,1,38000,1,69,342,171,22,21,22,21,21,22,21,21,22,21,22,21,21,21,22,21,22,63,22,63,22,63,22,63,22,63,22,63,22,63,22,63,22,63,22,63,22,21,21,64,21,21,22,63,22,63,22,21,22,21,21,21,22,63,22,21,22,63,22,21,21,22,21,64,21,1528,343,85,22,1528","0000 006D 0022 0002 0156 00AB 0016 0015 0016 0015 0015 0016 0015 0015 0016 0015 0016 0015 0015 0015 0016 0015 0016 003F 0016 003F 0016 003F 0016 003F 0016 003F 0016 003F 0016 003F 0016 003F 0016 003F 0016 003F 0016 0015 0015 0040 0015 0015 0016 003F 0016 003F 0016 0015 0016 0015 0015 0015 0016 003F 0016 0015 0016 003F 0016 0015 0015 0016 0015 0040 0015 05F8 0157 0055 0016 05F8",,

"COMMERCIAL VOLUME ATTENUATION","sendir,1:1,1,38000,1,69,343,171,21,21,22,21,22,21,21,21,22,21,22,21,22,21,21,21,22,63,22,63,22,63,22,63,22,63,22,63,22,63,22,63,22,21,22,21,21,64,21,64,21,21,22,21,22,63,22,21,21,64,21,64,21,21,22,21,22,63,22,63,22,21,21,64,21,1529,342,85,22,1529","0000 006D 0022 0002 0157 00AB 0015 0015 0016 0015 0016 0015 0015 0015 0016 0015 0016 0015 0016 0015 0015 0015 0016 003F 0016 003F 0016 003F 0016 003F 0016 003F 0016 003F 0016 003F 0016 003F 0016 0015 0016 0015 0015 0040 0015 0040 0015 0015 0016 0015 0016 003F 0016 0015 0015 0040 0015 0040 0015 0015 0016 0015 0016 003F 0016 003F 0016 0015 0015 0040 0015 05F9 0156 0055 0016 05F9",,

"CURSOR DOWN","sendir,1:1,1,38000,1,69,347,174,21,21,21,21,21,21,21,21,21,21,21,21,21,21,21,21,21,65,21,65,21,65,21,65,21,65,21,65,21,65,21,65,21,65,21,21,21,65,21,21,21,21,21,21,21,65,21,21,21,21,21,65,21,21,21,65,21,65,21,65,21,21,21,65,21,1572,347,87,21,3708","0000 006D 0022 0002 015B 00AE 0015 0015 0015 0015 0015 0015 0015 0015 0015 0015 0015 0015 0015 0015 0015 0015 0015 0041 0015 0041 0015 0041 0015 0041 0015 0041 0015 0041 0015 0041 0015 0041 0015 0041 0015 0015 0015 0041 0015 0015 0015 0015 0015 0015 0015 0041 0015 0015 0015 0015 0015 0041 0015 0015 0015 0041 0015 0041 0015 0041 0015 0015 0015 0041 0015 0624 015B 0057 0015 0E7C",,

"CURSOR ENTER","sendir,1:1,1,38000,1,69,347,174,21,21,21,21,21,21,21,21,21,21,21,21,21,21,21,21,21,65,21,65,21,65,21,65,21,65,21,65,21,65,21,65,21,21,21,65,21,65,21,65,21,21,21,21,21,21,21,65,21,65,21,21,21,21,21,21,21,65,21,65,21,65,21,21,21,1572,347,87,21,3708","0000 006D 0022 0002 015B 00AE 0015 0015 0015 0015 0015 0015 0015 0015 0015 0015 0015 0015 0015 0015 0015 0015 0015 0041 0015 0041 0015 0041 0015 0041 0015 0041 0015 0041 0015 0041 0015 0041 0015 0015 0015 0041 0015 0041 0015 0041 0015 0015 0015 0015 0015 0015 0015 0041 0015 0041 0015 0015 0015 0015 0015 0015 0015 0041 0015 0041 0015 0041 0015 0015 0015 0624 015B 0057 0015 0E7C",,

"CURSOR LEFT","sendir,1:1,1,38000,1,69,347,174,21,21,21,21,21,21,21,21,21,21,21,21,21,21,21,21,21,65,21,65,21,65,21,65,21,65,21,65,21,65,21,65,21,21,21,65,21,21,21,65,21,21,21,21,21,21,21,65,21,65,21,21,21,65,21,21,21,65,21,65,21,65,21,21,21,1572,347,87,21,3708","0000 006D 0022 0002 015B 00AE 0015 0015 0015 0015 0015 0015 0015 0015 0015 0015 0015 0015 0015 0015 0015 0015 0015 0041 0015 0041 0015 0041 0015 0041 0015 0041 0015 0041 0015 0041 0015 0041 0015 0015 0015 0041 0015 0015 0015 0041 0015 0015 0015 0015 0015 0015 0015 0041 0015 0041 0015 0015 0015 0041 0015 0015 0015 0041 0015 0041 0015 0041 0015 0015 0015 0624 015B 0057 0015 0E7C",,

"CURSOR RIGHT","sendir,1:1,1,38000,1,69,347,174,21,21,21,21,21,21,21,21,21,21,21,21,21,21,21,21,21,65,21,65,21,65,21,65,21,65,21,65,21,65,21,65,21,65,21,65,21,21,21,65,21,21,21,21,21,21,21,65,21,21,21,21,21,65,21,21,21,65,21,65,21,65,21,21,21,1572,347,87,21,3708","0000 006D 0022 0002 015B 00AE 0015 0015 0015 0015 0015 0015 0015 0015 0015 0015 0015 0015 0015 0015 0015 0015 0015 0041 0015 0041 0015 0041 0015 0041 0015 0041 0015 0041 0015 0041 0015 0041 0015 0041 0015 0041 0015 0015 0015 0041 0015 0015 0015 0015 0015 0015 0015 0041 0015 0015 0015 0015 0015 0041 0015 0015 0015 0041 0015 0041 0015 0041 0015 0015 0015 0624 015B 0057 0015 0E7C",,

"CURSOR UP","sendir,1:1,1,38000,1,69,347,174,21,21,21,21,21,21,21,21,21,21,21,21,21,21,21,21,21,65,21,65,21,65,21,65,21,65,21,65,21,65,21,65,21,65,21,21,21,21,21,21,21,21,21,21,21,65,21,21,21,21,21,65,21,65,21,65,21,65,21,65,21,21,21,65,21,1572,347,87,21,3708","0000 006D 0022 0002 015B 00AE 0015 0015 0015 0015 0015 0015 0015 0015 0015 0015 0015 0015 0015 0015 0015 0015 0015 0041 0015 0041 0015 0041 0015 0041 0015 0041 0015 0041 0015 0041 0015 0041 0015 0041 0015 0015 0015 0015 0015 0015 0015 0015 0015 0015 0015 0041 0015 0015 0015 0015 0015 0041 0015 0041 0015 0041 0015 0041 0015 0041 0015 0015 0015 0041 0015 0624 015B 0057 0015 0E7C",,

"INPUT ANALOG","sendir,1:1,1,38000,1,69,343,171,22,21,21,21,22,21,22,21,21,21,22,21,22,21,22,21,21,64,21,64,21,64,21,64,21,64,21,63,22,63,22,63,22,63,22,21,22,21,22,21,21,64,21,64,21,21,22,63,22,21,22,63,22,63,22,63,22,21,21,21,22,63,22,21,22,1527,342,85,22,1527","0000 006D 0022 0002 0157 00AB 0016 0015 0015 0015 0016 0015 0016 0015 0015 0015 0016 0015 0016 0015 0016 0015 0015 0040 0015 0040 0015 0040 0015 0040 0015 0040 0015 003F 0016 003F 0016 003F 0016 003F 0016 0015 0016 0015 0016 0015 0015 0040 0015 0040 0015 0015 0016 003F 0016 0015 0016 003F 0016 003F 0016 003F 0016 0015 0015 0015 0016 003F 0016 0015 0016 05F7 0156 0055 0016 05F7",,

"INPUT DIGITAL","sendir,1:1,1,38000,1,69,342,171,21,22,21,21,22,21,22,21,21,21,22,21,22,21,21,21,22,63,22,63,22,63,22,63,22,63,22,63,22,63,22,63,22,63,22,63,22,63,22,21,22,21,21,21,22,63,22,63,22,21,22,21,22,21,21,64,21,64,21,64,21,21,22,21,22,1527,342,85,22,1527","0000 006D 0022 0002 0156 00AB 0015 0016 0015 0015 0016 0015 0016 0015 0015 0015 0016 0015 0016 0015 0015 0015 0016 003F 0016 003F 0016 003F 0016 003F 0016 003F 0016 003F 0016 003F 0016 003F 0016 003F 0016 003F 0016 003F 0016 0015 0016 0015 0015 0015 0016 003F 0016 003F 0016 0015 0016 0015 0016 0015 0015 0040 0015 0040 0015 0040 0015 0015 0016 0015 0016 05F7 0156 0055 0016 05F7",,

"INPUT HDMI","sendir,1:1,1,38000,1,69,343,171,21,21,22,21,22,21,21,22,21,21,22,21,22,21,21,21,22,63,22,63,22,63,22,63,22,63,22,63,22,63,22,63,22,21,22,63,22,63,22,21,21,21,22,21,22,63,22,63,22,63,22,21,21,21,22,63,22,63,22,63,22,21,22,21,21,1531,342,85,22,1531","0000 006D 0022 0002 0157 00AB 0015 0015 0016 0015 0016 0015 0015 0016 0015 0015 0016 0015 0016 0015 0015 0015 0016 003F 0016 003F 0016 003F 0016 003F 0016 003F 0016 003F 0016 003F 0016 003F 0016 0015 0016 003F 0016 003F 0016 0015 0015 0015 0016 0015 0016 003F 0016 003F 0016 003F 0016 0015 0015 0015 0016 003F 0016 003F 0016 003F 0016 0015 0016 0015 0015 05FB 0156 0055 0016 05FB",,

"INPUT SCROLL","sendir,1:1,1,38000,1,69,342,171,21,21,22,21,22,21,21,22,21,21,22,21,22,21,21,21,22,63,22,63,22,63,22,63,22,63,22,63,22,63,22,63,22,21,22,21,21,64,21,21,22,21,22,21,21,64,21,21,22,63,22,63,22,21,22,63,22,63,22,63,22,21,22,63,22,1526,341,85,22,1526","0000 006D 0022 0002 0156 00AB 0015 0015 0016 0015 0016 0015 0015 0016 0015 0015 0016 0015 0016 0015 0015 0015 0016 003F 0016 003F 0016 003F 0016 003F 0016 003F 0016 003F 0016 003F 0016 003F 0016 0015 0016 0015 0015 0040 0015 0015 0016 0015 0016 0015 0015 0040 0015 0015 0016 003F 0016 003F 0016 0015 0016 003F 0016 003F 0016 003F 0016 0015 0016 003F 0016 05F6 0155 0055 0016 05F6",,

"INPUT WIRELESS","sendir,1:1,1,38000,1,69,342,171,21,21,22,21,22,21,21,21,22,21,22,21,21,22,21,21,22,63,22,63,22,63,22,63,22,63,22,63,22,63,22,63,22,63,22,21,22,21,21,21,22,21,22,63,22,21,21,64,21,21,22,63,22,63,22,63,22,63,22,21,22,63,22,21,21,1528,341,85,22,1528","0000 006D 0022 0002 0156 00AB 0015 0015 0016 0015 0016 0015 0015 0015 0016 0015 0016 0015 0015 0016 0015 0015 0016 003F 0016 003F 0016 003F 0016 003F 0016 003F 0016 003F 0016 003F 0016 003F 0016 003F 0016 0015 0016 0015 0015 0015 0016 0015 0016 003F 0016 0015 0015 0040 0015 0015 0016 003F 0016 003F 0016 003F 0016 003F 0016 0015 0016 003F 0016 0015 0015 05F8 0155 0055 0016 05F8",,

"MODE SRS","sendir,1:1,1,38000,1,69,342,171,22,21,22,21,21,22,21,21,22,21,22,21,21,21,22,21,22,63,22,63,22,63,22,63,22,63,22,63,22,63,22,63,22,21,21,21,22,21,22,21,21,64,21,21,22,63,22,21,22,63,22,63,22,63,22,63,22,21,22,63,21,22,21,64,21,1528,343,85,22,1528","0000 006D 0022 0002 0156 00AB 0016 0015 0016 0015 0015 0016 0015 0015 0016 0015 0016 0015 0015 0015 0016 0015 0016 003F 0016 003F 0016 003F 0016 003F 0016 003F 0016 003F 0016 003F 0016 003F 0016 0015 0015 0015 0016 0015 0016 0015 0015 0040 0015 0015 0016 003F 0016 0015 0016 003F 0016 003F 0016 003F 0016 003F 0016 0015 0016 003F 0015 0016 0015 0040 0015 05F8 0157 0055 0016 05F8",,

"MUTE TOGGLE","sendir,1:1,1,38000,1,69,347,174,21,21,21,21,21,21,21,21,21,21,21,21,21,21,21,21,21,65,21,65,21,65,21,65,21,65,21,65,21,65,21,65,21,21,21,21,21,21,21,65,21,21,21,21,21,65,21,21,21,65,21,65,21,65,21,21,21,65,21,65,21,21,21,65,21,1572,347,87,21,3708","0000 006D 0022 0002 015B 00AE 0015 0015 0015 0015 0015 0015 0015 0015 0015 0015 0015 0015 0015 0015 0015 0015 0015 0041 0015 0041 0015 0041 0015 0041 0015 0041 0015 0041 0015 0041 0015 0041 0015 0015 0015 0015 0015 0015 0015 0041 0015 0015 0015 0015 0015 0041 0015 0015 0015 0041 0015 0041 0015 0041 0015 0015 0015 0041 0015 0041 0015 0015 0015 0041 0015 0624 015B 0057 0015 0E7C",,

"NEXT","sendir,1:1,1,38000,1,69,347,174,21,21,21,21,21,21,21,21,21,21,21,21,21,21,21,21,21,65,21,65,21,65,21,65,21,65,21,65,21,65,21,65,21,65,21,65,21,21,21,65,21,21,21,21,21,21,21,65,21,21,21,21,21,65,21,21,21,65,21,65,21,65,21,21,21,1572,347,87,21,3708","0000 006D 0022 0002 015B 00AE 0015 0015 0015 0015 0015 0015 0015 0015 0015 0015 0015 0015 0015 0015 0015 0015 0015 0041 0015 0041 0015 0041 0015 0041 0015 0041 0015 0041 0015 0041 0015 0041 0015 0041 0015 0041 0015 0015 0015 0041 0015 0015 0015 0015 0015 0015 0015 0041 0015 0015 0015 0015 0015 0041 0015 0015 0015 0041 0015 0041 0015 0041 0015 0015 0015 0624 015B 0057 0015 0E7C",,

"PLAY PAUSE TOGGLE","sendir,1:1,1,38000,1,69,347,174,21,21,21,21,21,21,21,21,21,21,21,21,21,21,21,21,21,65,21,65,21,65,21,65,21,65,21,65,21,65,21,65,21,21,21,65,21,65,21,65,21,21,21,21,21,21,21,65,21,65,21,21,21,21,21,21,21,65,21,65,21,65,21,21,21,1572,347,87,21,3708","0000 006D 0022 0002 015B 00AE 0015 0015 0015 0015 0015 0015 0015 0015 0015 0015 0015 0015 0015 0015 0015 0015 0015 0041 0015 0041 0015 0041 0015 0041 0015 0041 0015 0041 0015 0041 0015 0041 0015 0015 0015 0041 0015 0041 0015 0041 0015 0015 0015 0015 0015 0015 0015 0041 0015 0041 0015 0015 0015 0015 0015 0015 0015 0041 0015 0041 0015 0041 0015 0015 0015 0624 015B 0057 0015 0E7C",,

"POWER TOGGLE","sendir,1:1,1,38000,1,69,347,174,21,21,21,21,21,21,21,21,21,21,21,21,21,21,21,21,21,65,21,65,21,65,21,65,21,65,21,65,21,65,21,65,21,21,21,21,21,21,21,21,21,21,21,21,21,65,21,21,21,65,21,65,21,65,21,65,21,65,21,65,21,21,21,65,21,1572,347,87,21,3708","0000 006D 0022 0002 015B 00AE 0015 0015 0015 0015 0015 0015 0015 0015 0015 0015 0015 0015 0015 0015 0015 0015 0015 0041 0015 0041 0015 0041 0015 0041 0015 0041 0015 0041 0015 0041 0015 0041 0015 0015 0015 0015 0015 0015 0015 0015 0015 0015 0015 0015 0015 0041 0015 0015 0015 0041 0015 0041 0015 0041 0015 0041 0015 0041 0015 0041 0015 0015 0015 0041 0015 0624 015B 0057 0015 0E7C",,

"PREVIOUS","sendir,1:1,1,38000,1,69,347,174,21,21,21,21,21,21,21,21,21,21,21,21,21,21,21,21,21,65,21,65,21,65,21,65,21,65,21,65,21,65,21,65,21,21,21,65,21,21,21,65,21,21,21,21,21,21,21,65,21,65,21,21,21,65,21,21,21,65,21,65,21,65,21,21,21,1572,347,87,21,3708","0000 006D 0022 0002 015B 00AE 0015 0015 0015 0015 0015 0015 0015 0015 0015 0015 0015 0015 0015 0015 0015 0015 0015 0041 0015 0041 0015 0041 0015 0041 0015 0041 0015 0041 0015 0041 0015 0041 0015 0015 0015 0041 0015 0015 0015 0041 0015 0015 0015 0015 0015 0015 0015 0041 0015 0041 0015 0015 0015 0041 0015 0015 0015 0041 0015 0041 0015 0041 0015 0015 0015 0624 015B 0057 0015 0E7C",,

"SRS TRU SURROUND HD","sendir,1:1,1,38000,1,69,343,171,22,21,21,21,22,21,22,21,21,21,22,21,22,21,21,22,21,63,22,63,22,63,22,63,22,63,22,63,22,63,22,63,22,21,22,21,21,22,21,21,22,63,22,21,22,63,22,21,21,64,21,64,21,64,21,64,21,21,22,63,22,21,22,63,22,1527,342,85,22,1527","0000 006D 0022 0002 0157 00AB 0016 0015 0015 0015 0016 0015 0016 0015 0015 0015 0016 0015 0016 0015 0015 0016 0015 003F 0016 003F 0016 003F 0016 003F 0016 003F 0016 003F 0016 003F 0016 003F 0016 0015 0016 0015 0015 0016 0015 0015 0016 003F 0016 0015 0016 003F 0016 0015 0015 0040 0015 0040 0015 0040 0015 0040 0015 0015 0016 003F 0016 0015 0016 003F 0016 05F7 0156 0055 0016 05F7",,

"SRS TRU VOLUME","sendir,1:1,1,38000,1,69,343,171,21,21,22,21,22,21,22,21,21,21,22,21,22,21,21,21,22,63,22,63,22,63,22,63,22,63,22,63,22,63,22,63,22,21,22,21,21,64,21,64,21,21,22,21,22,63,22,21,21,64,21,64,21,22,21,21,22,63,22,63,22,21,22,63,22,1528,342,85,22,1528","0000 006D 0022 0002 0157 00AB 0015 0015 0016 0015 0016 0015 0016 0015 0015 0015 0016 0015 0016 0015 0015 0015 0016 003F 0016 003F 0016 003F 0016 003F 0016 003F 0016 003F 0016 003F 0016 003F 0016 0015 0016 0015 0015 0040 0015 0040 0015 0015 0016 0015 0016 003F 0016 0015 0015 0040 0015 0040 0015 0016 0015 0015 0016 003F 0016 003F 0016 0015 0016 003F 0016 05F8 0156 0055 0016 05F8",,

"SUBWOOFER LEVEL DOWN","sendir,1:1,1,38000,1,69,343,171,21,21,22,21,22,21,21,21,22,21,22,21,22,21,21,21,22,63,22,63,22,63,22,63,22,63,22,63,22,63,22,63,22,63,22,21,22,21,21,21,22,63,22,21,22,63,22,21,21,21,22,63,22,63,22,63,22,21,22,63,22,21,21,64,21,1529,342,85,22,1529","0000 006D 0022 0002 0157 00AB 0015 0015 0016 0015 0016 0015 0015 0015 0016 0015 0016 0015 0016 0015 0015 0015 0016 003F 0016 003F 0016 003F 0016 003F 0016 003F 0016 003F 0016 003F 0016 003F 0016 003F 0016 0015 0016 0015 0015 0015 0016 003F 0016 0015 0016 003F 0016 0015 0015 0015 0016 003F 0016 003F 0016 003F 0016 0015 0016 003F 0016 0015 0015 0040 0015 05F9 0156 0055 0016 05F9",,

"SUBWOOFER LEVEL UP","sendir,1:1,1,38000,1,69,342,172,21,21,22,21,22,21,21,21,22,21,22,21,21,21,22,21,22,63,22,63,22,63,22,63,22,63,22,63,22,63,22,63,22,63,22,21,21,64,21,64,21,21,22,21,22,63,22,21,22,21,21,64,21,21,22,21,22,63,22,63,22,21,21,64,21,1530,342,85,22,1530","0000 006D 0022 0002 0156 00AC 0015 0015 0016 0015 0016 0015 0015 0015 0016 0015 0016 0015 0015 0015 0016 0015 0016 003F 0016 003F 0016 003F 0016 003F 0016 003F 0016 003F 0016 003F 0016 003F 0016 003F 0016 0015 0015 0040 0015 0040 0015 0015 0016 0015 0016 003F 0016 0015 0016 0015 0015 0040 0015 0015 0016 0015 0016 003F 0016 003F 0016 0015 0015 0040 0015 05FA 0156 0055 0016 05FA",,

"SUBWOOFER VOLUME DOWN","sendir,1:1,1,38000,1,69,341,171,22,21,22,21,21,21,22,21,22,21,21,22,21,21,22,21,22,63,22,63,22,63,22,63,22,63,22,63,22,63,22,63,22,63,22,21,21,21,22,21,22,63,22,21,21,64,21,21,22,21,22,63,22,63,22,63,22,21,21,64,21,21,22,63,22,1527,342,85,22,1527","0000 006D 0022 0002 0155 00AB 0016 0015 0016 0015 0015 0015 0016 0015 0016 0015 0015 0016 0015 0015 0016 0015 0016 003F 0016 003F 0016 003F 0016 003F 0016 003F 0016 003F 0016 003F 0016 003F 0016 003F 0016 0015 0015 0015 0016 0015 0016 003F 0016 0015 0015 0040 0015 0015 0016 0015 0016 003F 0016 003F 0016 003F 0016 0015 0015 0040 0015 0015 0016 003F 0016 05F7 0156 0055 0016 05F7",,

"SUBWOOFER VOLUME UP","sendir,1:1,1,38000,1,69,341,171,22,21,22,21,21,21,22,21,22,21,21,21,22,21,22,21,21,64,21,64,21,64,21,64,21,64,21,64,21,64,21,64,21,64,21,21,22,63,22,63,22,21,22,21,22,63,21,22,21,21,22,63,22,21,22,21,21,64,21,64,21,21,22,63,22,1527,342,85,21,1527","0000 006D 0022 0002 0155 00AB 0016 0015 0016 0015 0015 0015 0016 0015 0016 0015 0015 0015 0016 0015 0016 0015 0015 0040 0015 0040 0015 0040 0015 0040 0015 0040 0015 0040 0015 0040 0015 0040 0015 0040 0015 0015 0016 003F 0016 003F 0016 0015 0016 0015 0016 003F 0015 0016 0015 0015 0016 003F 0016 0015 0016 0015 0015 0040 0015 0040 0015 0015 0016 003F 0016 05F7 0156 0055 0015 05F7",,

"TREBLE DOWN","sendir,1:1,1,38000,1,69,341,171,22,21,22,21,22,21,21,21,22,21,22,21,21,21,22,21,22,63,22,63,22,63,22,63,22,63,22,63,22,63,22,63,22,21,21,21,22,21,22,63,22,21,21,64,21,64,21,22,21,63,22,63,22,63,22,21,22,63,22,21,22,21,21,64,21,1528,341,85,22,1528","0000 006D 0022 0002 0155 00AB 0016 0015 0016 0015 0016 0015 0015 0015 0016 0015 0016 0015 0015 0015 0016 0015 0016 003F 0016 003F 0016 003F 0016 003F 0016 003F 0016 003F 0016 003F 0016 003F 0016 0015 0015 0015 0016 0015 0016 003F 0016 0015 0015 0040 0015 0040 0015 0016 0015 003F 0016 003F 0016 003F 0016 0015 0016 003F 0016 0015 0016 0015 0015 0040 0015 05F8 0155 0055 0016 05F8",,

"TREBLE UP","sendir,1:1,1,38000,1,69,342,171,22,21,22,21,21,21,22,21,22,21,22,21,21,21,22,21,22,63,22,63,22,63,22,63,22,63,22,63,22,63,22,63,22,63,22,21,21,21,22,63,22,21,22,63,22,63,22,21,21,21,22,63,22,63,22,21,22,63,22,21,21,21,22,63,22,1527,343,85,22,1527","0000 006D 0022 0002 0156 00AB 0016 0015 0016 0015 0015 0015 0016 0015 0016 0015 0016 0015 0015 0015 0016 0015 0016 003F 0016 003F 0016 003F 0016 003F 0016 003F 0016 003F 0016 003F 0016 003F 0016 003F 0016 0015 0015 0015 0016 003F 0016 0015 0016 003F 0016 003F 0016 0015 0015 0015 0016 003F 0016 003F 0016 0015 0016 003F 0016 0015 0015 0015 0016 003F 0016 05F7 0157 0055 0016 05F7",,

"VOLUME DOWN","sendir,1:1,1,38000,1,69,347,174,21,21,21,21,21,21,21,21,21,21,21,21,21,21,21,21,21,65,21,65,21,65,21,65,21,65,21,65,21,65,21,65,21,65,21,21,21,65,21,21,21,21,21,21,21,65,21,21,21,21,21,65,21,21,21,65,21,65,21,65,21,21,21,65,21,1572,347,87,21,3708","0000 006D 0022 0002 015B 00AE 0015 0015 0015 0015 0015 0015 0015 0015 0015 0015 0015 0015 0015 0015 0015 0015 0015 0041 0015 0041 0015 0041 0015 0041 0015 0041 0015 0041 0015 0041 0015 0041 0015 0041 0015 0015 0015 0041 0015 0015 0015 0015 0015 0015 0015 0041 0015 0015 0015 0015 0015 0041 0015 0015 0015 0041 0015 0041 0015 0041 0015 0015 0015 0041 0015 0624 015B 0057 0015 0E7C",,

"VOLUME UP","sendir,1:1,1,38000,1,69,347,174,21,21,21,21,21,21,21,21,21,21,21,21,21,21,21,21,21,65,21,65,21,65,21,65,21,65,21,65,21,65,21,65,21,65,21,21,21,21,21,21,21,21,21,21,21,65,21,21,21,21,21,65,21,65,21,65,21,65,21,65,21,21,21,65,21,1572,347,87,21,3708","0000 006D 0022 0002 015B 00AE 0015 0015 0015 0015 0015 0015 0015 0015 0015 0015 0015 0015 0015 0015 0015 0015 0015 0041 0015 0041 0015 0041 0015 0041 0015 0041 0015 0041 0015 0041 0015 0041 0015 0041 0015 0015 0015 0015 0015 0015 0015 0015 0015 0015 0015 0041 0015 0015 0015 0015 0015 0041 0015 0041 0015 0041 0015 0041 0015 0041 0015 0015 0015 0041 0015 0624 015B 0057 0015 0E7C",,